

DEBUT

map->player = |x|
map->map_x = |17|
map->map_y = |15|
map->piece_x = |0|
map->piece_y = |0|


gnl =     01234567890123456
map->player = |x|
map->map_x = |17|
map->map_y = |15|
map->piece_x = |0|
map->piece_y = |0|


map->player = |x|
map->map_x = |17|
map->map_y = |15|
map->piece_x = |0|
map->piece_y = |0|


gnl = 000 .................
takemap OK
piecesize debut |Piece 1 3:|
DEBUT takepiece
takesize ligne |Piece 1 3:|
takesize ligne |Piece 1 3:|
map->player = |x|
map->map_x = |17|
map->map_y = |15|
 0 0 0 0 0 0 0 0 0 0 0 0 0 0 0 0 0
 0 0 0 0 0 0 0 0 0 0 0 0 0 0 0 0 0
 0 0 0 0 0 0 0 0 0 0 0 0 0 0 0 0 0
 0 0 0 0 0 0 0 0 0 0 0 0 0 0 0 0 0
 0 0 0 0 0 0 0 0 0 0 0 0 0 0 0 0 0
 0 0 0 0 0 0 0 0 0 0 0 0 0 0 0 0 0
 0 0 0 0 0 0 0 0 0 0 0 0 0 0 0 0 0
 0 0 0 0 0 0 0 0 0 0 0 0 0 0 0 0 0
 0 0 -1 0 0 0 0 0 0 0 0 0 0 0 0 0 0
 0 0 0 0 0 0 0 0 0 0 0 0 0 0 0 0 0
 0 0 0 0 0 0 0 0 0 0 0 0 0 0 0 0 0
 0 0 0 0 0 0 0 0 0 0 0 0 0 0 0 0 0
 0 0 0 0 0 0 0 0 0 0 0 0 0 0 -2 0 0
 0 0 0 0 0 0 0 0 0 0 0 0 0 0 0 0 0
 0 0 0 0 0 0 0 0 0 0 0 0 0 0 0 0 0
map->piece_x = |3|
map->piece_y = |1|
 0 1 1


map->player = |x|
map->map_x = |17|
map->map_y = |15|
 0 0 0 0 0 0 0 0 0 0 0 0 0 0 0 0 0
 0 0 0 0 0 0 0 0 0 0 0 0 0 0 0 0 0
 0 0 0 0 0 0 0 0 0 0 0 0 0 0 0 0 0
 0 0 0 0 0 0 0 0 0 0 0 0 0 0 0 0 0
 0 0 0 0 0 0 0 0 0 0 0 0 0 0 0 0 0
 0 0 0 0 0 0 0 0 0 0 0 0 0 0 0 0 0
 0 0 0 0 0 0 0 0 0 0 0 0 0 0 0 0 0
 0 0 0 0 0 0 0 0 0 0 0 0 0 0 0 0 0
 0 0 -1 0 0 0 0 0 0 0 0 0 0 0 0 0 0
 0 0 0 0 0 0 0 0 0 0 0 0 0 0 0 0 0
 0 0 0 0 0 0 0 0 0 0 0 0 0 0 0 0 0
 0 0 0 0 0 0 0 0 0 0 0 0 0 0 0 0 0
 0 0 0 0 0 0 0 0 0 0 0 0 0 0 -2 0 0
 0 0 0 0 0 0 0 0 0 0 0 0 0 0 0 0 0
 0 0 0 0 0 0 0 0 0 0 0 0 0 0 0 0 0
map->piece_x = |3|
map->piece_y = |1|
 0 1 1
 |10| |9| |8| |9| |10| |11| |12| |13| |14| |15| |16| |17| |18| |19| |20| |21| |22|
 |9| |8| |7| |8| |9| |10| |11| |12| |13| |14| |15| |16| |17| |18| |19| |20| |21|
 |8| |7| |6| |7| |8| |9| |10| |11| |12| |13| |14| |15| |16| |17| |18| |19| |20|
 |7| |6| |5| |6| |7| |8| |9| |10| |11| |12| |13| |14| |15| |16| |17| |18| |19|
 |6| |5| |4| |5| |6| |7| |8| |9| |10| |11| |12| |13| |14| |15| |16| |17| |18|
 |5| |4| |3| |4| |5| |6| |7| |8| |9| |10| |11| |12| |13| |14| |15| |16| |17|
 |4| |3| |2| |3| |4| |5| |6| |7| |8| |9| |10| |11| |12| |13| |14| |15| |16|
 |3| |2| |1| |2| |3| |4| |5| |6| |7| |8| |9| |10| |11| |12| |13| |14| |15|
 |2| |1| |-1| |1| |2| |3| |4| |5| |6| |7| |8| |9| |10| |11| |12| |13| |14|
 |3| |2| |1| |2| |3| |4| |5| |6| |7| |8| |9| |10| |11| |12| |13| |14| |15|
 |4| |3| |2| |3| |4| |5| |6| |7| |8| |9| |10| |11| |12| |13| |14| |15| |16|
 |5| |4| |3| |4| |5| |6| |7| |8| |9| |10| |11| |12| |13| |14| |15| |16| |17|
 |6| |5| |4| |5| |6| |7| |8| |9| |10| |11| |12| |13| |14| |15| |-2| |17| |18|
 |7| |6| |5| |6| |7| |8| |9| |10| |11| |12| |13| |14| |15| |16| |17| |18| |19|
 |8| |7| |6| |7| |8| |9| |10| |11| |12| |13| |14| |15| |16| |17| |18| |19| |20|


nouvelle case onlyone i = 12, j = 12
nouvelle case heat i = 12, j = 12 et score = 15
nouvelle case onlyone i = 13, j = 12
return best_pos x = 12, y = 12

La piece est posee
gnl = Plateau 15 17:
map->player = |x|
map->map_x = |17|
map->map_y = |15|
 0 0 0 0 0 0 0 0 0 0 0 0 0 0 0 0 0
 0 0 0 0 0 0 0 0 0 0 0 0 0 0 0 0 0
 0 0 0 0 0 0 0 0 0 0 0 0 0 0 0 0 0
 0 0 0 0 0 0 0 0 0 0 0 0 0 0 0 0 0
 0 0 0 0 0 0 0 0 0 0 0 0 0 0 0 0 0
 0 0 0 0 0 0 0 0 0 0 0 0 0 0 0 0 0
 0 0 0 0 0 0 0 0 0 0 0 0 0 0 0 0 0
 0 0 0 0 0 0 0 0 0 0 0 0 0 0 0 0 0
 0 0 -1 0 0 0 0 0 0 0 0 0 0 0 0 0 0
 0 0 0 0 0 0 0 0 0 0 0 0 0 0 0 0 0
 0 0 0 0 0 0 0 0 0 0 0 0 0 0 0 0 0
 0 0 0 0 0 0 0 0 0 0 0 0 0 0 0 0 0
 0 0 0 0 0 0 0 0 0 0 0 0 0 0 -2 0 0
 0 0 0 0 0 0 0 0 0 0 0 0 0 0 0 0 0
 0 0 0 0 0 0 0 0 0 0 0 0 0 0 0 0 0
map->piece_x = |3|
map->piece_y = |1|
 0 1 1
 |10| |9| |8| |9| |10| |11| |12| |13| |14| |15| |16| |17| |18| |19| |20| |21| |22|
 |9| |8| |7| |8| |9| |10| |11| |12| |13| |14| |15| |16| |17| |18| |19| |20| |21|
 |8| |7| |6| |7| |8| |9| |10| |11| |12| |13| |14| |15| |16| |17| |18| |19| |20|
 |7| |6| |5| |6| |7| |8| |9| |10| |11| |12| |13| |14| |15| |16| |17| |18| |19|
 |6| |5| |4| |5| |6| |7| |8| |9| |10| |11| |12| |13| |14| |15| |16| |17| |18|
 |5| |4| |3| |4| |5| |6| |7| |8| |9| |10| |11| |12| |13| |14| |15| |16| |17|
 |4| |3| |2| |3| |4| |5| |6| |7| |8| |9| |10| |11| |12| |13| |14| |15| |16|
 |3| |2| |1| |2| |3| |4| |5| |6| |7| |8| |9| |10| |11| |12| |13| |14| |15|
 |2| |1| |-1| |1| |2| |3| |4| |5| |6| |7| |8| |9| |10| |11| |12| |13| |14|
 |3| |2| |1| |2| |3| |4| |5| |6| |7| |8| |9| |10| |11| |12| |13| |14| |15|
 |4| |3| |2| |3| |4| |5| |6| |7| |8| |9| |10| |11| |12| |13| |14| |15| |16|
 |5| |4| |3| |4| |5| |6| |7| |8| |9| |10| |11| |12| |13| |14| |15| |16| |17|
 |6| |5| |4| |5| |6| |7| |8| |9| |10| |11| |12| |13| |14| |15| |-2| |17| |18|
 |7| |6| |5| |6| |7| |8| |9| |10| |11| |12| |13| |14| |15| |16| |17| |18| |19|
 |8| |7| |6| |7| |8| |9| |10| |11| |12| |13| |14| |15| |16| |17| |18| |19| |20|


map->player = |x|
map->map_x = |17|
map->map_y = |15|
 0 0 0 0 0 0 0 0 0 0 0 0 0 0 0 0 0
 0 0 0 0 0 0 0 0 0 0 0 0 0 0 0 0 0
 0 0 0 0 0 0 0 0 0 0 0 0 0 0 0 0 0
 0 0 0 0 0 0 0 0 0 0 0 0 0 0 0 0 0
 0 0 0 0 0 0 0 0 0 0 0 0 0 0 0 0 0
 0 0 0 0 0 0 0 0 0 0 0 0 0 0 0 0 0
 0 0 0 0 0 0 0 0 0 0 0 0 0 0 0 0 0
 0 0 0 0 0 0 0 0 0 0 0 0 0 0 0 0 0
 0 0 -1 0 0 0 0 0 0 0 0 0 0 0 0 0 0
 0 0 0 0 0 0 0 0 0 0 0 0 0 0 0 0 0
 0 0 0 0 0 0 0 0 0 0 0 0 0 0 0 0 0
 0 0 0 0 0 0 0 0 0 0 0 0 0 0 0 0 0
 0 0 0 0 0 0 0 0 0 0 0 0 0 0 -2 0 0
 0 0 0 0 0 0 0 0 0 0 0 0 0 0 0 0 0
 0 0 0 0 0 0 0 0 0 0 0 0 0 0 0 0 0
map->piece_x = |3|
map->piece_y = |1|
 0 1 1
 |10| |9| |8| |9| |10| |11| |12| |13| |14| |15| |16| |17| |18| |19| |20| |21| |22|
 |9| |8| |7| |8| |9| |10| |11| |12| |13| |14| |15| |16| |17| |18| |19| |20| |21|
 |8| |7| |6| |7| |8| |9| |10| |11| |12| |13| |14| |15| |16| |17| |18| |19| |20|
 |7| |6| |5| |6| |7| |8| |9| |10| |11| |12| |13| |14| |15| |16| |17| |18| |19|
 |6| |5| |4| |5| |6| |7| |8| |9| |10| |11| |12| |13| |14| |15| |16| |17| |18|
 |5| |4| |3| |4| |5| |6| |7| |8| |9| |10| |11| |12| |13| |14| |15| |16| |17|
 |4| |3| |2| |3| |4| |5| |6| |7| |8| |9| |10| |11| |12| |13| |14| |15| |16|
 |3| |2| |1| |2| |3| |4| |5| |6| |7| |8| |9| |10| |11| |12| |13| |14| |15|
 |2| |1| |-1| |1| |2| |3| |4| |5| |6| |7| |8| |9| |10| |11| |12| |13| |14|
 |3| |2| |1| |2| |3| |4| |5| |6| |7| |8| |9| |10| |11| |12| |13| |14| |15|
 |4| |3| |2| |3| |4| |5| |6| |7| |8| |9| |10| |11| |12| |13| |14| |15| |16|
 |5| |4| |3| |4| |5| |6| |7| |8| |9| |10| |11| |12| |13| |14| |15| |16| |17|
 |6| |5| |4| |5| |6| |7| |8| |9| |10| |11| |12| |13| |14| |15| |-2| |17| |18|
 |7| |6| |5| |6| |7| |8| |9| |10| |11| |12| |13| |14| |15| |16| |17| |18| |19|
 |8| |7| |6| |7| |8| |9| |10| |11| |12| |13| |14| |15| |16| |17| |18| |19| |20|


nouvelle case onlyone i = 12, j = 12
nouvelle case heat i = 12, j = 12 et score = 15
nouvelle case onlyone i = 13, j = 12
return best_pos x = 12, y = 12

La piece est posee
gnl =     01234567890123456
map->player = |x|
map->map_x = |17|
map->map_y = |15|
 0 0 0 0 0 0 0 0 0 0 0 0 0 0 0 0 0
 0 0 0 0 0 0 0 0 0 0 0 0 0 0 0 0 0
 0 0 0 0 0 0 0 0 0 0 0 0 0 0 0 0 0
 0 0 0 0 0 0 0 0 0 0 0 0 0 0 0 0 0
 0 0 0 0 0 0 0 0 0 0 0 0 0 0 0 0 0
 0 0 0 0 0 0 0 0 0 0 0 0 0 0 0 0 0
 0 0 0 0 0 0 0 0 0 0 0 0 0 0 0 0 0
 0 0 0 0 0 0 0 0 0 0 0 0 0 0 0 0 0
 0 0 -1 0 0 0 0 0 0 0 0 0 0 0 0 0 0
 0 0 0 0 0 0 0 0 0 0 0 0 0 0 0 0 0
 0 0 0 0 0 0 0 0 0 0 0 0 0 0 0 0 0
 0 0 0 0 0 0 0 0 0 0 0 0 0 0 0 0 0
 0 0 0 0 0 0 0 0 0 0 0 0 0 0 -2 0 0
 0 0 0 0 0 0 0 0 0 0 0 0 0 0 0 0 0
 0 0 0 0 0 0 0 0 0 0 0 0 0 0 0 0 0
map->piece_x = |3|
map->piece_y = |1|
 0 1 1
 |10| |9| |8| |9| |10| |11| |12| |13| |14| |15| |16| |17| |18| |19| |20| |21| |22|
 |9| |8| |7| |8| |9| |10| |11| |12| |13| |14| |15| |16| |17| |18| |19| |20| |21|
 |8| |7| |6| |7| |8| |9| |10| |11| |12| |13| |14| |15| |16| |17| |18| |19| |20|
 |7| |6| |5| |6| |7| |8| |9| |10| |11| |12| |13| |14| |15| |16| |17| |18| |19|
 |6| |5| |4| |5| |6| |7| |8| |9| |10| |11| |12| |13| |14| |15| |16| |17| |18|
 |5| |4| |3| |4| |5| |6| |7| |8| |9| |10| |11| |12| |13| |14| |15| |16| |17|
 |4| |3| |2| |3| |4| |5| |6| |7| |8| |9| |10| |11| |12| |13| |14| |15| |16|
 |3| |2| |1| |2| |3| |4| |5| |6| |7| |8| |9| |10| |11| |12| |13| |14| |15|
 |2| |1| |-1| |1| |2| |3| |4| |5| |6| |7| |8| |9| |10| |11| |12| |13| |14|
 |3| |2| |1| |2| |3| |4| |5| |6| |7| |8| |9| |10| |11| |12| |13| |14| |15|
 |4| |3| |2| |3| |4| |5| |6| |7| |8| |9| |10| |11| |12| |13| |14| |15| |16|
 |5| |4| |3| |4| |5| |6| |7| |8| |9| |10| |11| |12| |13| |14| |15| |16| |17|
 |6| |5| |4| |5| |6| |7| |8| |9| |10| |11| |12| |13| |14| |15| |-2| |17| |18|
 |7| |6| |5| |6| |7| |8| |9| |10| |11| |12| |13| |14| |15| |16| |17| |18| |19|
 |8| |7| |6| |7| |8| |9| |10| |11| |12| |13| |14| |15| |16| |17| |18| |19| |20|


map->player = |x|
map->map_x = |17|
map->map_y = |15|
 0 0 0 0 0 0 0 0 0 0 0 0 0 0 0 0 0
 0 0 0 0 0 0 0 0 0 0 0 0 0 0 0 0 0
 0 0 0 0 0 0 0 0 0 0 0 0 0 0 0 0 0
 0 0 0 0 0 0 0 0 0 0 0 0 0 0 0 0 0
 0 0 0 0 0 0 0 0 0 0 0 0 0 0 0 0 0
 0 0 0 0 0 0 0 0 0 0 0 0 0 0 0 0 0
 0 0 0 0 0 0 0 0 0 0 0 0 0 0 0 0 0
 0 0 0 0 0 0 0 0 0 0 0 0 0 0 0 0 0
 0 0 -1 0 0 0 0 0 0 0 0 0 0 0 0 0 0
 0 0 0 0 0 0 0 0 0 0 0 0 0 0 0 0 0
 0 0 0 0 0 0 0 0 0 0 0 0 0 0 0 0 0
 0 0 0 0 0 0 0 0 0 0 0 0 0 0 0 0 0
 0 0 0 0 0 0 0 0 0 0 0 0 0 0 -2 0 0
 0 0 0 0 0 0 0 0 0 0 0 0 0 0 0 0 0
 0 0 0 0 0 0 0 0 0 0 0 0 0 0 0 0 0
map->piece_x = |3|
map->piece_y = |1|
 0 1 1
 |10| |9| |8| |9| |10| |11| |12| |13| |14| |15| |16| |17| |18| |19| |20| |21| |22|
 |9| |8| |7| |8| |9| |10| |11| |12| |13| |14| |15| |16| |17| |18| |19| |20| |21|
 |8| |7| |6| |7| |8| |9| |10| |11| |12| |13| |14| |15| |16| |17| |18| |19| |20|
 |7| |6| |5| |6| |7| |8| |9| |10| |11| |12| |13| |14| |15| |16| |17| |18| |19|
 |6| |5| |4| |5| |6| |7| |8| |9| |10| |11| |12| |13| |14| |15| |16| |17| |18|
 |5| |4| |3| |4| |5| |6| |7| |8| |9| |10| |11| |12| |13| |14| |15| |16| |17|
 |4| |3| |2| |3| |4| |5| |6| |7| |8| |9| |10| |11| |12| |13| |14| |15| |16|
 |3| |2| |1| |2| |3| |4| |5| |6| |7| |8| |9| |10| |11| |12| |13| |14| |15|
 |2| |1| |-1| |1| |2| |3| |4| |5| |6| |7| |8| |9| |10| |11| |12| |13| |14|
 |3| |2| |1| |2| |3| |4| |5| |6| |7| |8| |9| |10| |11| |12| |13| |14| |15|
 |4| |3| |2| |3| |4| |5| |6| |7| |8| |9| |10| |11| |12| |13| |14| |15| |16|
 |5| |4| |3| |4| |5| |6| |7| |8| |9| |10| |11| |12| |13| |14| |15| |16| |17|
 |6| |5| |4| |5| |6| |7| |8| |9| |10| |11| |12| |13| |14| |15| |-2| |17| |18|
 |7| |6| |5| |6| |7| |8| |9| |10| |11| |12| |13| |14| |15| |16| |17| |18| |19|
 |8| |7| |6| |7| |8| |9| |10| |11| |12| |13| |14| |15| |16| |17| |18| |19| |20|


nouvelle case onlyone i = 12, j = 12
nouvelle case heat i = 12, j = 12 et score = 15
nouvelle case onlyone i = 13, j = 12
return best_pos x = 12, y = 12

La piece est posee
gnl = 000 .................
takemap OK
piecesize debut |Piece 2 2:|
DEBUT takepiece
takesize ligne |Piece 2 2:|
takesize ligne |Piece 2 2:|
takesize ligne |(null)|
map->player = |x|
map->map_x = |17|
map->map_y = |15|
 0 0 0 0 0 0 0 0 0 0 0 0 0 0 0 0 0
 0 0 0 0 0 0 0 0 0 0 0 0 0 0 0 0 0
 0 0 0 0 0 0 0 0 0 0 0 0 0 0 0 0 0
 0 0 0 0 0 0 0 0 0 0 0 0 0 0 0 0 0
 0 0 0 0 0 0 0 0 0 0 0 0 0 0 0 0 0
 0 0 0 0 0 0 0 0 0 0 0 0 0 0 0 0 0
 0 0 0 0 0 0 0 0 0 0 0 0 0 0 0 0 0
 0 0 0 0 0 0 0 0 0 0 0 0 0 0 0 0 0
 0 0 -1 0 0 0 0 0 0 0 0 0 0 0 0 0 0
 0 0 0 0 0 0 0 0 0 0 0 0 0 0 0 0 0
 0 0 0 0 0 0 0 0 0 0 0 0 0 0 0 0 0
 0 0 0 0 0 0 0 0 0 0 0 0 0 0 0 0 0
 0 0 0 0 0 0 0 0 0 0 0 0 0 -2 -2 0 0
 0 0 0 0 0 0 0 0 0 0 0 0 0 0 0 0 0
 0 0 0 0 0 0 0 0 0 0 0 0 0 0 0 0 0
map->piece_x = |2|
map->piece_y = |2|
 0 1
 0 1
 |10| |9| |8| |9| |10| |11| |12| |13| |14| |15| |16| |17| |18| |19| |20| |21| |22|
 |9| |8| |7| |8| |9| |10| |11| |12| |13| |14| |15| |16| |17| |18| |19| |20| |21|
 |8| |7| |6| |7| |8| |9| |10| |11| |12| |13| |14| |15| |16| |17| |18| |19| |20|
 |7| |6| |5| |6| |7| |8| |9| |10| |11| |12| |13| |14| |15| |16| |17| |18| |19|
 |6| |5| |4| |5| |6| |7| |8| |9| |10| |11| |12| |13| |14| |15| |16| |17| |18|
 |5| |4| |3| |4| |5| |6| |7| |8| |9| |10| |11| |12| |13| |14| |15| |16| |17|
 |4| |3| |2| |3| |4| |5| |6| |7| |8| |9| |10| |11| |12| |13| |14| |15| |16|
 |3| |2| |1| |2| |3| |4| |5| |6| |7| |8| |9| |10| |11| |12| |13| |14| |15|
 |2| |1| |-1| |1| |2| |3| |4| |5| |6| |7| |8| |9| |10| |11| |12| |13| |14|
 |3| |2| |1| |2| |3| |4| |5| |6| |7| |8| |9| |10| |11| |12| |13| |14| |15|
 |4| |3| |2| |3| |4| |5| |6| |7| |8| |9| |10| |11| |12| |13| |14| |15| |16|
 |5| |4| |3| |4| |5| |6| |7| |8| |9| |10| |11| |12| |13| |14| |15| |16| |17|
 |6| |5| |4| |5| |6| |7| |8| |9| |10| |11| |12| |13| |14| |15| |-2| |17| |18|
 |7| |6| |5| |6| |7| |8| |9| |10| |11| |12| |13| |14| |15| |16| |17| |18| |19|
 |8| |7| |6| |7| |8| |9| |10| |11| |12| |13| |14| |15| |16| |17| |18| |19| |20|


map->player = |x|
map->map_x = |17|
map->map_y = |15|
 0 0 0 0 0 0 0 0 0 0 0 0 0 0 0 0 0
 0 0 0 0 0 0 0 0 0 0 0 0 0 0 0 0 0
 0 0 0 0 0 0 0 0 0 0 0 0 0 0 0 0 0
 0 0 0 0 0 0 0 0 0 0 0 0 0 0 0 0 0
 0 0 0 0 0 0 0 0 0 0 0 0 0 0 0 0 0
 0 0 0 0 0 0 0 0 0 0 0 0 0 0 0 0 0
 0 0 0 0 0 0 0 0 0 0 0 0 0 0 0 0 0
 0 0 0 0 0 0 0 0 0 0 0 0 0 0 0 0 0
 0 0 -1 0 0 0 0 0 0 0 0 0 0 0 0 0 0
 0 0 0 0 0 0 0 0 0 0 0 0 0 0 0 0 0
 0 0 0 0 0 0 0 0 0 0 0 0 0 0 0 0 0
 0 0 0 0 0 0 0 0 0 0 0 0 0 0 0 0 0
 0 0 0 0 0 0 0 0 0 0 0 0 0 -2 -2 0 0
 0 0 0 0 0 0 0 0 0 0 0 0 0 0 0 0 0
 0 0 0 0 0 0 0 0 0 0 0 0 0 0 0 0 0
map->piece_x = |2|
map->piece_y = |2|
 0 1
 0 1
 |10| |9| |8| |9| |10| |11| |12| |13| |14| |15| |16| |17| |18| |19| |20| |21| |22|
 |9| |8| |7| |8| |9| |10| |11| |12| |13| |14| |15| |16| |17| |18| |19| |20| |21|
 |8| |7| |6| |7| |8| |9| |10| |11| |12| |13| |14| |15| |16| |17| |18| |19| |20|
 |7| |6| |5| |6| |7| |8| |9| |10| |11| |12| |13| |14| |15| |16| |17| |18| |19|
 |6| |5| |4| |5| |6| |7| |8| |9| |10| |11| |12| |13| |14| |15| |16| |17| |18|
 |5| |4| |3| |4| |5| |6| |7| |8| |9| |10| |11| |12| |13| |14| |15| |16| |17|
 |4| |3| |2| |3| |4| |5| |6| |7| |8| |9| |10| |11| |12| |13| |14| |15| |16|
 |3| |2| |1| |2| |3| |4| |5| |6| |7| |8| |9| |10| |11| |12| |13| |14| |15|
 |2| |1| |-1| |1| |2| |3| |4| |5| |6| |7| |8| |9| |10| |11| |12| |13| |14|
 |3| |2| |1| |2| |3| |4| |5| |6| |7| |8| |9| |10| |11| |12| |13| |14| |15|
 |4| |3| |2| |3| |4| |5| |6| |7| |8| |9| |10| |11| |12| |13| |14| |15| |16|
 |5| |4| |3| |4| |5| |6| |7| |8| |9| |10| |11| |12| |13| |14| |15| |16| |17|
 |6| |5| |4| |5| |6| |7| |8| |9| |10| |11| |12| |13| |14| |-2| |-2| |17| |18|
 |7| |6| |5| |6| |7| |8| |9| |10| |11| |12| |13| |14| |15| |16| |17| |18| |19|
 |8| |7| |6| |7| |8| |9| |10| |11| |12| |13| |14| |15| |16| |17| |18| |19| |20|


nouvelle case onlyone i = 12, j = 11
nouvelle case heat i = 12, j = 11 et score = 14
nouvelle case onlyone i = 13, j = 11
nouvelle case onlyone i = 12, j = 12
nouvelle case onlyone i = 13, j = 12
return best_pos x = 12, y = 11

La piece est posee
gnl = Plateau 15 17:
map->player = |x|
map->map_x = |17|
map->map_y = |15|
 0 0 0 0 0 0 0 0 0 0 0 0 0 0 0 0 0
 0 0 0 0 0 0 0 0 0 0 0 0 0 0 0 0 0
 0 0 0 0 0 0 0 0 0 0 0 0 0 0 0 0 0
 0 0 0 0 0 0 0 0 0 0 0 0 0 0 0 0 0
 0 0 0 0 0 0 0 0 0 0 0 0 0 0 0 0 0
 0 0 0 0 0 0 0 0 0 0 0 0 0 0 0 0 0
 0 0 0 0 0 0 0 0 0 0 0 0 0 0 0 0 0
 0 0 0 0 0 0 0 0 0 0 0 0 0 0 0 0 0
 0 0 -1 0 0 0 0 0 0 0 0 0 0 0 0 0 0
 0 0 0 0 0 0 0 0 0 0 0 0 0 0 0 0 0
 0 0 0 0 0 0 0 0 0 0 0 0 0 0 0 0 0
 0 0 0 0 0 0 0 0 0 0 0 0 0 0 0 0 0
 0 0 0 0 0 0 0 0 0 0 0 0 0 -2 -2 0 0
 0 0 0 0 0 0 0 0 0 0 0 0 0 0 0 0 0
 0 0 0 0 0 0 0 0 0 0 0 0 0 0 0 0 0
map->piece_x = |2|
map->piece_y = |2|
 0 1
 0 1
 |10| |9| |8| |9| |10| |11| |12| |13| |14| |15| |16| |17| |18| |19| |20| |21| |22|
 |9| |8| |7| |8| |9| |10| |11| |12| |13| |14| |15| |16| |17| |18| |19| |20| |21|
 |8| |7| |6| |7| |8| |9| |10| |11| |12| |13| |14| |15| |16| |17| |18| |19| |20|
 |7| |6| |5| |6| |7| |8| |9| |10| |11| |12| |13| |14| |15| |16| |17| |18| |19|
 |6| |5| |4| |5| |6| |7| |8| |9| |10| |11| |12| |13| |14| |15| |16| |17| |18|
 |5| |4| |3| |4| |5| |6| |7| |8| |9| |10| |11| |12| |13| |14| |15| |16| |17|
 |4| |3| |2| |3| |4| |5| |6| |7| |8| |9| |10| |11| |12| |13| |14| |15| |16|
 |3| |2| |1| |2| |3| |4| |5| |6| |7| |8| |9| |10| |11| |12| |13| |14| |15|
 |2| |1| |-1| |1| |2| |3| |4| |5| |6| |7| |8| |9| |10| |11| |12| |13| |14|
 |3| |2| |1| |2| |3| |4| |5| |6| |7| |8| |9| |10| |11| |12| |13| |14| |15|
 |4| |3| |2| |3| |4| |5| |6| |7| |8| |9| |10| |11| |12| |13| |14| |15| |16|
 |5| |4| |3| |4| |5| |6| |7| |8| |9| |10| |11| |12| |13| |14| |15| |16| |17|
 |6| |5| |4| |5| |6| |7| |8| |9| |10| |11| |12| |13| |14| |-2| |-2| |17| |18|
 |7| |6| |5| |6| |7| |8| |9| |10| |11| |12| |13| |14| |15| |16| |17| |18| |19|
 |8| |7| |6| |7| |8| |9| |10| |11| |12| |13| |14| |15| |16| |17| |18| |19| |20|


map->player = |x|
map->map_x = |17|
map->map_y = |15|
 0 0 0 0 0 0 0 0 0 0 0 0 0 0 0 0 0
 0 0 0 0 0 0 0 0 0 0 0 0 0 0 0 0 0
 0 0 0 0 0 0 0 0 0 0 0 0 0 0 0 0 0
 0 0 0 0 0 0 0 0 0 0 0 0 0 0 0 0 0
 0 0 0 0 0 0 0 0 0 0 0 0 0 0 0 0 0
 0 0 0 0 0 0 0 0 0 0 0 0 0 0 0 0 0
 0 0 0 0 0 0 0 0 0 0 0 0 0 0 0 0 0
 0 0 0 0 0 0 0 0 0 0 0 0 0 0 0 0 0
 0 0 -1 0 0 0 0 0 0 0 0 0 0 0 0 0 0
 0 0 0 0 0 0 0 0 0 0 0 0 0 0 0 0 0
 0 0 0 0 0 0 0 0 0 0 0 0 0 0 0 0 0
 0 0 0 0 0 0 0 0 0 0 0 0 0 0 0 0 0
 0 0 0 0 0 0 0 0 0 0 0 0 0 -2 -2 0 0
 0 0 0 0 0 0 0 0 0 0 0 0 0 0 0 0 0
 0 0 0 0 0 0 0 0 0 0 0 0 0 0 0 0 0
map->piece_x = |2|
map->piece_y = |2|
 0 1
 0 1
 |10| |9| |8| |9| |10| |11| |12| |13| |14| |15| |16| |17| |18| |19| |20| |21| |22|
 |9| |8| |7| |8| |9| |10| |11| |12| |13| |14| |15| |16| |17| |18| |19| |20| |21|
 |8| |7| |6| |7| |8| |9| |10| |11| |12| |13| |14| |15| |16| |17| |18| |19| |20|
 |7| |6| |5| |6| |7| |8| |9| |10| |11| |12| |13| |14| |15| |16| |17| |18| |19|
 |6| |5| |4| |5| |6| |7| |8| |9| |10| |11| |12| |13| |14| |15| |16| |17| |18|
 |5| |4| |3| |4| |5| |6| |7| |8| |9| |10| |11| |12| |13| |14| |15| |16| |17|
 |4| |3| |2| |3| |4| |5| |6| |7| |8| |9| |10| |11| |12| |13| |14| |15| |16|
 |3| |2| |1| |2| |3| |4| |5| |6| |7| |8| |9| |10| |11| |12| |13| |14| |15|
 |2| |1| |-1| |1| |2| |3| |4| |5| |6| |7| |8| |9| |10| |11| |12| |13| |14|
 |3| |2| |1| |2| |3| |4| |5| |6| |7| |8| |9| |10| |11| |12| |13| |14| |15|
 |4| |3| |2| |3| |4| |5| |6| |7| |8| |9| |10| |11| |12| |13| |14| |15| |16|
 |5| |4| |3| |4| |5| |6| |7| |8| |9| |10| |11| |12| |13| |14| |15| |16| |17|
 |6| |5| |4| |5| |6| |7| |8| |9| |10| |11| |12| |13| |14| |-2| |-2| |17| |18|
 |7| |6| |5| |6| |7| |8| |9| |10| |11| |12| |13| |14| |15| |16| |17| |18| |19|
 |8| |7| |6| |7| |8| |9| |10| |11| |12| |13| |14| |15| |16| |17| |18| |19| |20|


nouvelle case onlyone i = 12, j = 11
nouvelle case heat i = 12, j = 11 et score = 14
nouvelle case onlyone i = 13, j = 11
nouvelle case onlyone i = 12, j = 12
nouvelle case onlyone i = 13, j = 12
return best_pos x = 12, y = 11
